1000
1 -999999999
1 999999999
1 19116
1 21518
2 19116
3 21518
4 23872
4 3115
4 25976
5 30424
5 15502
1 21883
1 12758
1 22292
2 22292
3 21883
4 9425
4 5351
4 19845
5 5689
5 31978
1 29389
1 7619
1 10804
2 29389
3 12758
4 25994
4 17735
4 1944
5 24061
5 31986
1 21150
1 6698
1 29109
2 29109
3 13158
4 7140
4 18891
4 12638
5 28800
5 13431
1 15040
1 28747
1 1113
2 7619
3 23515
4 18076
4 9706
4 28290
5 20900
5 24618
1 23689
1 27142
1 5928
2 15040
3 2634
4 29996
4 22388
4 8644
5 8592
5 12137
1 12966
1 30198
1 14660
2 5928
3 6698
4 13857
4 30234
4 7954
5 25715
5 8867
1 25366
1 28288
1 12024
2 23689
3 17035
4 15328
4 14678
4 19711
5 21655
5 520
1 25312
1 14777
1 4343
2 4343
3 18868
4 18089
4 24511
4 20175
5 21530
5 2168
1 1532
1 17402
1 5788
2 12758
3 1113
4 28946
4 25645
4 9494
5 6882
5 14935
1 31657
1 8167
1 25245
2 12966
3 4273
4 4829
4 14978
4 6091
5 10037
5 22353
1 24727
1 6657
1 6952
2 21518
3 27142
4 25783
4 15960
4 27693
5 26161
5 4746
1 6543
1 18734
1 25523
2 10804
3 21883
4 32695
4 22185
4 25488
5 2577
5 26523
1 13469
1 26832
1 6110
2 6657
3 25523
4 6581
4 19247
4 11286
5 13711
5 12292
1 10519
1 9318
1 1207
2 14777
3 6952
4 11730
4 24237
4 9703
5 32712
5 27813
1 13185
1 24276
1 14060
2 27142
3 21914
4 28020
4 16344
4 21826
5 8182
5 19698
1 27769
1 5276
1 2358
2 9318
3 7712
4 29737
4 8306
4 21661
5 121
5 2428
1 22728
1 29599
1 9458
2 31657
3 1113
4 1695
4 22148
4 26260
5 30809
5 31133
1 19497
1 8719
1 22501
2 18734
3 29119
4 14048
4 9841
4 17302
5 28301
5 21670
1 27964
1 3293
1 14305
2 1207
3 31778
4 26640
4 10530
4 8903
5 23798
5 24579
6 3293 16586
1 6624
1 4157
2 25523
3 27769
4 20022
4 15563
4 15420
5 7943
5 19263
1 1816
1 29289
1 32176
2 32176
3 26832
4 14051
4 18785
4 12284
5 28509
5 12114
1 7013
1 2957
1 14358
2 14358
3 11207
4 19703
4 25099
4 30677
5 14996
5 7286
1 9182
1 10893
1 18486
2 17402
3 20982
4 2085
4 22631
4 18914
5 24216
5 30002
1 22542
1 8915
1 23137
2 22542
3 24727
4 9269
4 12942
4 4211
5 11173
5 3167
1 20220
1 25756
1 16086
2 3293
3 10512
4 15013
4 22874
4 15884
5 23539
5 13046
1 14607
1 18985
1 2179
2 8167
3 27788
4 14247
4 192
4 20009
5 13314
5 32686
1 13717
1 29409
1 2147
2 22728
3 6610
4 11271
4 30488
4 22666
5 21811
5 362
1 29372
1 7544
1 2004
2 20220
3 11435
4 21211
4 19665
4 32715
5 4347
5 30979
1 3988
1 9239
1 16473
2 10893
3 13185
4 2825
4 25528
4 8212
5 22324
5 28391
1 19573
1 12719
1 788
2 26832
3 21150
4 18516
4 26345
4 5592
5 9779
5 9758
1 17232
1 19054
1 26480
2 2004
3 18080
4 24586
4 15493
4 12696
5 25797
5 15937
1 8668
1 3104
1 9735
2 29409
3 27964
4 15630
4 19
4 5431
5 13538
5 2955
1 24391
1 20574
1 22150
2 28747
3 28288
4 11178
4 28567
4 19182
5 9219
5 30251
1 10695
1 32283
1 8833
2 16473
3 1113
4 31402
4 31543
4 19907
5 15287
5 23172
1 28687
1 25527
1 1040
2 30198
3 19443
4 7845
4 31168
4 24717
5 11965
5 15259
1 21304
1 3268
1 1608
2 29372
3 1608
4 6072
4 28611
4 24537
5 15783
5 5633
1 22394
1 12148
1 2693
2 5276
3 12024
4 14399
4 29894
4 13918
5 32126
5 28695
1 9359
1 1273
1 15262
2 26480
3 19573
4 14550
4 30160
4 10598
5 1606
5 9002
1 16816
1 21547
1 15137
2 21883
3 1532
4 22747
4 11558
4 13818
5 7763
5 24828
6 14060 21787
1 390
1 13834
2 14607
3 2358
4 4062
4 32299
4 8325
5 1703
5 28133
1 9562
1 538
1 4041
2 1273
3 13469
4 9167
4 13555
4 32619
5 3851
5 6401
1 403
1 5471
1 19455
2 2358
3 4981
4 26763
4 26664
4 10462
5 13193
5 19157
1 5627
1 867
1 22524
2 2957
3 28288
4 19348
4 7168
4 23319
5 17900
5 8590
1 26075
1 19999
1 18828
2 12024
3 23105
4 13000
4 25715
4 32352
5 16828
5 10862
1 10653
1 9801
1 12726
2 9801
3 17092
4 19272
4 29727
4 5603
5 29035
5 6987
1 25220
1 15697
1 12801
2 29289
3 12719
4 22897
4 30181
4 9754
5 28988
5 30536
1 19053
1 13246
1 6657
2 14660
3 14305
4 25801
4 22795
4 28855
5 27278
5 8169
1 1103
1 10347
1 14035
2 5471
3 18486
4 24424
4 19047
4 2757
5 23695
5 10675
1 9741
1 9841
1 31590
2 18828
3 29633
4 9818
4 16534
4 8254
5 26847
5 16417
1 4671
1 9046
1 16314
2 21304
3 15262
4 27506
4 24763
4 11987
5 30761
5 2300
1 15148
1 29735
1 29680
2 12148
3 26075
4 3867
4 31947
4 30734
5 27772
5 766
1 27121
1 19074
1 15903
2 4671
3 20412
4 2953
4 27676
4 31008
5 17863
5 17644
1 18462
1 9966
1 3631
2 16314
3 3268
4 8335
4 27365
4 13119
5 25548
5 30276
1 13262
1 27904
1 1088
2 2693
3 21547
4 20838
4 28690
4 3322
5 18923
5 7372
1 19438
1 19762
1 23271
2 18486
3 9046
4 18015
4 29557
4 19828
5 5094
5 6832
1 14585
1 30407
1 5722
2 25756
3 12726
4 5741
4 2614
4 11326
5 9970
5 18850
1 6054
1 7660
1 11776
2 26075
3 5722
4 23265
4 26708
4 9858
5 29971
5 30723
1 18713
1 17140
1 12423
2 18713
3 788
4 1861
4 26863
4 1717
5 5251
5 26470
1 31236
1 15909
1 18785
2 5627
3 29680
4 10771
4 31545
4 8257
5 21741
5 17424
6 11937 13262
1 31002
1 12808
2 15909
3 8115
4 21835
4 9219
4 2893
5 13645
5 18723
1 14466
1 6899
1 8205
2 9182
3 32257
4 3071
4 22820
4 13834
5 5452
5 3289
1 23860
1 8729
1 29507
2 10347
3 9562
4 19323
4 21945
4 15425
5 18318
5 15593
1 24842
1 2472
1 22747
2 15262
3 18127
4 30724
4 26531
4 8506
5 25739
5 28169
1 30337
1 18102
1 9403
2 9562
3 3268
4 12441
4 25965
4 6100
5 15658
5 18937
1 15850
1 13080
1 13111
2 8833
3 19074
4 29745
4 22962
4 32441
5 31477
5 16509
1 28581
1 4328
1 6156
2 9403
3 9087
4 5583
4 3817
4 5358
5 19093
5 16236
1 10719
1 15230
1 6944
2 22150
3 16816
4 24953
4 2211
4 9700
5 8276
5 23330
1 2336
1 1363
1 26069
2 6110
3 1608
4 30699
4 22730
4 24715
5 32347
5 10531
1 14739
1 19212
1 3461
2 15850
3 9741
4 2049
4 23892
4 12375
5 17225
5 6067
1 28918
1 25742
1 6002
2 25220
3 19074
4 22531
4 5678
4 30268
5 7957
5 16236
1 12044
1 17832
1 26053
2 31236
3 8205
4 18219
4 14708
4 20865
5 14353
5 17897
1 22028
1 26016
1 32285
2 3461
3 13469
4 13510
4 23095
4 9996
5 29251
5 32745
1 6625
1 5939
1 13933
2 14035
3 2618
4 8496
4 12859
4 3589
5 23511
5 25858
1 316
1 12933
1 2597
2 3988
3 14466
4 9592
4 31382
4 6000
5 12784
5 32309
1 8392
1 208
1 9633
2 17832
3 10719
4 10013
4 28156
4 16011
5 14794
5 11259
1 27486
1 16201
1 29330
2 13262
3 5722
4 28376
4 30810
4 3666
5 801
5 22015
1 32748
1 9400
1 19619
2 10695
3 6238
4 15939
4 6473
4 24522
5 3191
5 12557
1 12475
1 31971
1 27794
2 7013
3 9458
4 12130
4 22192
4 24143
5 29064
5 4493
1 13611
1 28526
1 6354
2 1040
3 31388
4 4732
4 22950
4 24054
5 28943
5 3925
6 14305 24315
1 26515
1 11522
2 17140
3 8392
4 7521
4 4037
4 23788
5 7918
5 22835
1 22654
1 20410
1 2263
2 12719
3 22749
4 13057
4 23505
4 11167
5 19881
5 8859
1 5022
1 29122
1 28724
2 6543
3 2472
4 4392
4 3399
4 29505
5 25406
5 23226
1 19227
1 17426
1 14640
2 30407
3 23708
4 21095
4 32272
4 17002
5 5132
5 9480
1 23465
1 13553
1 14996
2 1088
3 27904
4 7740
4 15751
4 22128
5 28358
5 26184
1 21475
1 5569
1 30460
2 2597
3 13246
4 27567
4 4575
4 19430
5 32059
5 23407
1 19517
1 32186
1 31470
2 29330
3 12964
4 6560
4 31968
4 30517
5 5605
5 25338
1 21922
1 2610
1 6124
2 12423
3 20530
4 8463
4 2458
4 24070
5 6220
5 24012
1 17004
1 20389
1 16715
2 22524
3 16718
4 27672
4 7679
4 3751
5 4610
5 3754
1 19905
1 11043
1 6628
2 23137
3 31002
4 4825
4 21784
4 28375
5 2645
5 7964
1 20039
1 13309
1 2326
2 208
3 28918
4 32208
4 19555
4 1592
5 6906
5 15651
1 19249
1 11819
1 23019
2 8719
3 9938
4 2771
4 6949
4 30110
5 17044
5 2689
1 6631
1 5389
1 6426
2 26016
3 19762
4 25628
4 11429
4 6746
5 29885
5 20160
1 13462
1 13877
1 31957
2 22394
3 1363
4 2534
4 24564
4 2296
5 27538
5 19779
1 19807
1 5660
1 16758
2 19054
3 7544
4 29406
4 13770
4 9741
5 1569
5 32637
1 9934
1 9377
1 11836
2 2336
3 16041
4 8217
4 16560
4 25001
5 16945
5 13106
1 25468
1 22879
1 18449
2 16816
3 11836
4 31080
4 19470
4 24057
5 1301
5 18908
1 31535
1 13483
1 23630
2 13111
3 13834
4 13838
4 11901
4 25371
5 20399
5 32282
1 31328
1 26962
1 13065
2 15697
3 28153
4 12032
4 28904
4 24551
5 27057
5 10545
1 21743
1 38
1 22435
2 6628
3 13611
4 7300
4 2944
4 25028
5 15865
